{
  "advancedEditorSelectedIdentifier" : "ShaderGraphEditorPluginID",
  "openSceneRelativePaths" : [
    "Scene.usda"
  ],
  "recentIdentifiers" : {
    "297EA08E-F558-4A14-A999-ADEAD8B616A0" : [

    ]
  },
  "sceneCameraHistory" : {
    "297EA08E-F558-4A14-A999-ADEAD8B616A0" : [
      {
        "date" : 776982012.774782,
        "title" : "Untitled",
        "transform" : [
          0.99999195,
          -2.2087027e-11,
          0.004006875,
          0,
          -0.00038740673,
          0.995315,
          0.096684724,
          0,
          -0.003988103,
          -0.0966855,
          0.99530697,
          0,
          0.23787399,
          1.6189392,
          0.4655593,
          1
        ]
      },
      {
        "date" : 776981975.727927,
        "title" : "Untitled",
        "transform" : [
          -0.80465406,
          -1.4202779e-08,
          0.5937439,
          0,
          -0.14080407,
          0.971474,
          -0.19082056,
          0,
          -0.5768068,
          -0.23714611,
          -0.7817005,
          0,
          0.23787399,
          1.6189392,
          0.4655593,
          1
        ]
      },
      {
        "date" : 776981956.782121,
        "title" : "Untitled",
        "transform" : [
          -0.3018364,
          5.6508394e-09,
          0.9533598,
          0,
          -0.18838905,
          0.98028153,
          -0.059644476,
          0,
          -0.9345611,
          -0.19760537,
          -0.29588443,
          0,
          0.11478275,
          0.99252546,
          0.60219383,
          1
        ]
      },
      {
        "date" : 776981611.552346,
        "title" : "Untitled",
        "transform" : [
          -0.6151664,
          4.2534016e-09,
          -0.7883973,
          0,
          0.255337,
          0.9461021,
          -0.19923301,
          0,
          0.7459042,
          -0.32386845,
          -0.5820104,
          0,
          0.4482614,
          1.1524416,
          0.8596636,
          1
        ]
      },
      {
        "date" : 776981606.51323,
        "title" : "Untitled",
        "transform" : [
          -0.6151664,
          4.2534016e-09,
          -0.7883973,
          0,
          0.255337,
          0.9461021,
          -0.19923301,
          0,
          0.7459042,
          -0.32386845,
          -0.5820104,
          0,
          -1.4211268,
          3.7473257,
          2.1280382,
          1
        ]
      },
      {
        "date" : 776981603.094173,
        "title" : "Untitled",
        "transform" : [
          -0.6151664,
          4.2534016e-09,
          -0.7883973,
          0,
          0.255337,
          0.9461021,
          -0.19923301,
          0,
          0.7459042,
          -0.32386845,
          -0.5820104,
          0,
          -0.118371315,
          1.2499029e-12,
          1.1115317,
          1
        ]
      },
      {
        "date" : 776981503.245792,
        "title" : "Untitled",
        "transform" : [
          -0.61516637,
          4.253401e-09,
          -0.7883972,
          0,
          0.255337,
          0.9461021,
          -0.19923301,
          0,
          0.7459042,
          -0.32386845,
          -0.5820104,
          0,
          0.30713287,
          0.7611466,
          0.8783821,
          1
        ]
      },
      {
        "date" : 776981414.328063,
        "title" : "Untitled",
        "transform" : [
          -0.75271195,
          6.138216e-09,
          -0.65834993,
          0,
          0.044942416,
          0.9976672,
          -0.05138406,
          0,
          0.65681416,
          -0.068265244,
          -0.7509562,
          0,
          0.2621424,
          0.89022624,
          0.79306453,
          1
        ]
      },
      {
        "date" : 776981213.603261,
        "title" : "Untitled",
        "transform" : [
          -0.59323376,
          -1.2738878e-09,
          0.8050303,
          0,
          -0.087487616,
          0.99407715,
          -0.06447038,
          0,
          -0.80026215,
          -0.10867618,
          -0.58972013,
          0,
          0.2621424,
          0.89022624,
          0.79306453,
          1
        ]
      },
      {
        "date" : 776981191.941294,
        "title" : "Untitled",
        "transform" : [
          -0.5911889,
          -5.6616423e-09,
          0.80653304,
          0,
          -0.14431159,
          0.9838621,
          -0.10578043,
          0,
          -0.7935173,
          -0.17892829,
          -0.5816484,
          0,
          0.2621424,
          0.89022624,
          0.79306453,
          1
        ]
      }
    ]
  },
  "sceneViewportBackgroundColors" : {

  },
  "selectedSceneRelativePath" : "Scene.usda"
}